pathway	i_Si_2w_1	i_Si_2w_2	i_Si_2w_3	i_Si_4w_1	i_Si_4w_2	i_Si_4w_3	i_Si_6w_1	i_Si_6w_2	i_Si_6w_3	i_Si_8w_1	i_Si_8w_2	i_Si_8w_3	o_Si_1	o_Si_2	o_Si_3	i_So_2w_1	i_So_2w_2	i_So_2w_3	i_So_4w_1	i_So_4w_2	i_So_4w_3	i_So_6w_1	i_So_6w_2	i_So_6w_3	i_So_8w_1	i_So_8w_2	i_So_8w_3	o_So_1	o_So_2	o_So_3
ANAGLYCOLYSIS-PWY	8280.5584	9086.5976	2934.365	8448.5504	10435.4073	11948.0502	8505.3919	4403.7009	8227.7328	8943.5253	7066.9201	9315.8646	6278.4438	7083.329	5794.995	9583.6672	7739.6882	7907.6073	6302.2446	6067.1015	6973.8943	7217.5136	4824.7301	7128.4405	5632.0785	8628.9593	9653.839	8898.7037	9216.5157	5802.9235
ARGSYN-PWY	3841.774	3629.8469	519.8375	3661.5858	2265.2924	506.117	5118.3622	607.585	530.9811	1962.0897	627.2854	176.7224	2762.7288	1121.5249	1179.9517	10329.5235	3193.7981	2787.2821	2825.1155	3165.1327	4064.6104	3118.713	2340.7903	2912.1784	3428.5198	2542.0596	1789.9673	6654.6407	1902.7956	2571.8215
CALVIN-PWY	10695.4482	14024.8789	3939.6017	13721.9784	11851.4375	13122.972	12114.9796	5677.7807	11035.1578	13310.5008	8999.8725	11898.251	8437.0556	9859.3131	9391.6229	11299.2374	10497.222	10806.4989	8852.2091	8427.7111	9601.8894	9397.6779	6712.9948	9917.1042	7977.4123	13156.36	14965.6694	11406.5607	10435.9094	7904.458
COA-PWY	7510.184	9063.2282	2805.8828	8433.176	9726.6127	11426.4517	7826.918	4014.4316	7675.4214	8590.9975	6470.0576	8819.2548	5997.2987	7137.6368	6733.4262	5321.5114	6902.7817	7028.192	5771.1839	5404.4203	6063.2245	6479.7278	4300.6105	6131.1746	4832.7273	8115.4788	9253.9595	7361.8871	8567.7395	5066.3848
COLANSYN-PWY	3282.7462	2641.1964	1773.6129	2417.1856	2520.7939	616.0963	4220.689	1272.5971	610.0282	1761.9096	2982.2036	1501.9124	2601.6427	1979.742	1527.1989	2914.614	3972.1414	4057.7325	3423.375	3153.2946	3675.841	2570.2085	2586.1817	2876.1618	2148.5862	2989.0315	2623.9029	3582.8572	2011.5611	2649.3024
FAO-PWY	19448.7616	22533.044	6191.0653	20855.1521	21957.8302	21653.9993	21189.851	9715.2192	18494.8713	22782.7454	13151.0213	20595.8697	14468.4335	15683.239	15317.5581	30384.0986	16272.0602	17063.7431	13406.5328	13750.7319	16027.5167	14191.2753	10652.8206	15441.3829	13460.0772	19761.2966	22048.7238	21409.3905	19266.6192	13975.3459
FASYN-ELONG-PWY	21263.5836	69755.9003	11629.55	92205.3601	12534.0228	5509.0958	48258.3163	12268.6789	27371.2465	62753.5149	25276.3822	14987.8349	19547.9564	23981.621	28057.0013	28470.1028	32318.6244	35501.6683	35080.0949	31400.3029	37348.1745	25867.6826	25792.2639	36471.3897	35759.6272	73002.0394	87541.5234	22104.0495	8986.6964	24078.73
GLUCONEO-PWY	7333.1365	5155.2251	1295.7766	1648.7267	4483.3593	2138.5132	5124.0045	3996.9004	8641.4234	8379.1845	5083.4999	9168.3737	2586.9753	3311.761	2386.5687	3024.9266	4002.4786	4304.5517	2956.5556	2568.3904	2879.0994	4095.4545	2125.0393	2906.9286	2769.6915	1982.3277	1867.7928	2362.8109	715.8945	2185.2271
GLUCOSE1PMETAB-PWY	1808.9411	5513.7143	1217.3262	6374.7538	1148.9479	253.1698	4402.445	768.1882	1916.8745	4514.6883	1948.0975	669.713	3083.1122	4061.5836	5114.1084	1985.904	2679.0907	2814.3482	2989.5997	2843.4222	3107.8333	2297.9352	2236.132	2910.7584	2874.7267	5276.9375	6145.5164	2854.5118	906.3565	2176.1942
GLUTORN-PWY	1225.8837	1028.2879	123.9592	1045.4121	569.4718	109.0692	1788.8365	141.9956	116.4309	482.7325	140.5365	37.3863	824.9784	261.6672	278.0162	6942.3964	943.1214	776.1567	853.9942	1024.8618	1423.636	945.8031	734.3992	853.3415	1223.105	661.4219	426.2317	2869.7766	472.3135	793.8164
GLYCOCAT-PWY	2941.0906	6951.7384	1707.5844	7706.8651	2058.1632	495.3862	5770.469	1292.9901	3084.2426	5960.3578	3000.2932	1245.3554	4115.2015	5199.8808	6137.8779	3241.533	3928.8351	4096.1328	4011.9714	3831.2883	4237.6218	3443.0392	3019.9868	4085.6585	3751.5502	6612.0187	7639.5336	4240.9404	1642.1636	3111.5393
GLYCOGENSYNTH-PWY	2079.7545	3553.4257	1129.859	1619.2515	1390.4363	312.5942	3337.888	888.3417	2214.27	4320.4244	2084.1438	819.4764	2855.5808	3498.6028	2410.4803	1903.6263	2718.0242	2793.9011	2726.369	2327.3093	2813.6895	2412.0576	1974.7778	2858.2839	2171.6128	2569.7838	2775.217	2498.5491	1096.4579	2042.9356
GLYOXYLATE-BYPASS	17984.6237	21048.5402	6360.1498	19346.4684	21849.7119	24292.8104	18993.531	9507.0809	18527.4474	20033.7738	14507.2907	20528.381	13898.689	16241.0096	15087.1856	20650.7027	16945.6571	17167.7284	13824.3126	13398.834	15149.5665	15583.7153	10579.3087	15804.9575	12332.5441	19932.9499	22494.9101	18262.5685	19283.4898	12500.5168
HEME-BIOSYNTHESIS-II	8732.8685	10334.5153	3192.3	9653.685	11742.8287	12275.3778	9436.4569	4456.8839	8208.4653	9491.9446	7311.2981	9643.1768	6899.7685	8188.2735	7723.0609	9711.5478	8760.9517	8665.2233	7357.4998	6828.401	7880.4076	7897.1899	5539.7947	7828.2266	6165.6402	9583.05	10588.0591	8834.6441	9971.0049	6066.9098
HSERMETANA-PWY	14.9883	0	0	0	0	0	0	0	0	0	0	0	0	0	0	0	0	17.984	8.9954	0	0	11.9919	0	0	0	53.8901	29.9701	0	0	20.9702
LEU-DEG2-PWY	1908.5199	6844.1133	1482.47	10385.9005	1505.9286	6023.4423	5346.9595	1542.671	1919.832	6678.2085	4560.1119	1022.9034	1868.0977	1684.775	1320.6788	2407.3551	3616.6058	4107.5399	4021.8212	3502.6131	4132.8054	2964.402	2947.491	3818.5734	4058.9994	8833.2345	10650.1472	5051.8285	1708.8922	3136.3769
LIPASYN-PWY	509.1993	226.6867	669.1356	29.9518	286.2552	19.3109	3892.4392	95.1966	0	0	49.5194	0	1633.68	1134.5747	669.1457	69.0768	536.8055	852.2914	1296.6041	856.0561	756.6548	538.3246	596.1294	702.5035	711.4696	274.9034	99.4382	260.8136	340.9013	962.1854
NAD-BIOSYNTHESIS-II	8505.9826	7673.5283	2477.0791	5880.9782	11380.3908	10356.2989	7699.1171	4152.6751	8619.5575	8149.4091	5550.6485	10206.1504	5266.1389	5706.0108	4177.2159	9699.7882	7395.9998	7514.6585	5580.1378	5385.5906	6142.3871	6127.1072	4264.4967	6647.9822	4755.4596	6444.4915	6975.0076	7013.811	9741.1713	5035.0305
NONOXIPENT-PWY	13177.4045	14754.0326	4627.7201	14781.4798	17279.7722	16084.279	13793.0228	6289.7154	10616.519	13778.4102	9761.6403	14302.4512	9876.4769	10764.527	9922.5276	17603.1611	12339.6808	12570.9796	10313.2879	9573.7229	11236.3307	10739.5969	7778.6432	10733.7029	9058.479	14723.9558	16440.9411	15982.8146	15072.1336	9451.0347
P221-PWY	4752.7719	1486.9419	1295.9994	1271.1643	14064.4747	4771.3683	2880.6779	1376.0999	289.2024	1525.0281	2471.57	6490.1062	3397.3783	2823.1368	1366.2542	2098.0352	3546.4221	3471.2846	2846.9007	2354.3385	2800.6009	1880.9504	2019.2325	1998.22	1442.8733	2429.1397	2159.6213	2594.8552	12047.2889	2441.4619
PANTO-PWY	9748.6501	12100.026	3676.2214	11705.5862	11811.7623	13134.9198	11251.1052	5126.4373	9588.4115	11526.2575	8351.6337	10488.8034	7691.6894	8810.8917	8358.7404	11995.7737	9372.1143	9612.0718	7935.8291	7558.3729	8667.1205	8699.6821	6047.2312	8716.58	7151.5798	11290.6623	12710.2366	10882.8804	10365.1595	7164.6297
PANTOSYN-PWY	3635.6196	7767.4853	2063.4131	8401.5124	2340.303	560.0227	6887.5365	1698.8526	3510.7811	6816.8554	3485.6245	1521.3673	4407.2581	5625.5795	6373.8363	4581.4438	5713.5296	5434.1669	5171.7814	4669.1615	5428.6888	4463.9568	3867.2849	5087.9424	4383.6757	7518.5739	8552.2591	4728.2198	1894.4953	3380.0115
PENTOSE-P-PWY	9413.6733	10115.7523	3293.752	9049.6417	12142.0484	13638.2808	9190.295	4877.8284	8750.7629	9764.0856	7761.9893	10752.5625	7028.5372	7926.8634	6422.0139	11101.9565	8671.9302	8815.3254	6936.1233	6582.4747	7596.4948	7980.3438	5268.4006	7656.5545	6024.1989	9544.9192	10679.0037	10669.3509	10838.4397	6722.8638
PHOSLIPSYN-PWY	282.8174	113.8605	380.1597	19.9606	384.5727	84.5815	2273.6111	679.7466	14.9802	19.9667	59.6172	0	900.4324	624.3877	467.3789	49.8056	348.0652	459.4731	749.9497	579.4555	406.1084	402.8175	380.7992	374.5465	587.8355	272.9169	89.3288	133.5201	283.6404	788.1199
PWY-3781	34751.3542	31148.5623	10887.2352	22483.7092	46439.4831	49591.8132	29379.2847	18476.0392	34695.4295	32297.5763	27639.3131	42427.7199	22499.6492	24812.4152	16964.0178	37890.2179	28760.9024	29234.2458	21788.0261	20830.4036	24364.7652	27988.0625	16776.9338	25871.3571	18889.7874	26858.9294	29403.7507	33050.629	40505.7676	21059.3853
PWY-4984	8728.7451	11177.0166	3211.8946	11112.0214	10342.9256	11673.0128	9990.4824	4381.6797	8490.7991	10435.156	7150.5386	9107.4976	7013.0405	7982.3852	7627.2687	12033.2444	8567.6411	8761.1027	7236.3564	7017.6267	8022.7794	7840.306	5540.1045	8044.1013	6612.5164	10384.9336	11702.4321	9971.5386	9147.4567	6239.2951
PWY-5189	8674.3574	11180.6458	3320.9678	10715.3981	10470.7143	11583.6501	9918.5396	4473.0762	8754.3358	10417.3294	7374.3781	9239.6662	7237.0447	8533.6982	8222.3594	9731.2526	8464.3801	8661.3657	7188.8255	6913.9108	7818.8071	7813.4462	5475.4893	7977.4161	6433.1935	10209.1797	11511.1732	9339.9785	9189.2072	6312.41
PWY-5651	2561.5374	6761.8293	1531.1109	7907.562	1400.8473	286.1117	5609.3786	1411.1007	2482.653	5654.994	2460.0789	851.7831	3700.4767	4880.1515	6013.7383	3642.8662	4802.218	4385.0264	4656.8962	4057.5448	4777.1191	3502.3816	3453.3225	4376.4209	3987.1879	6797.0615	7670.9848	3568.7331	1228.5869	2838.5001
PWY-5659	12942.6199	15121.466	4869.9044	13739.5298	14168.0345	16945.7314	13693.3542	6694.6604	11592.6051	13514.7311	10610.5776	14278.3419	10534.3003	12238.2918	11035.2096	16776.5998	11435.7367	11836.7786	9489.0118	9253.134	10536.0439	11414.0121	7246.5952	10447.0488	8616.0383	13090.9928	14578.4926	14021.0844	12189.5159	9247.9423
PWY-5667	7386.3833	6743.8148	2519.2589	5645.0861	9571.4549	11433.8328	6963.0895	4004.8755	7312.7899	7324.2364	5965.4399	8738.1591	5120.4235	5515.2451	3960.2746	8279.588	6637.0952	6786.0837	5053.9366	4887.0026	5635.0689	6260.182	3925.1985	5880.5234	4371.4123	6281.4213	6903.0432	7653.5226	8514.6302	4721.2621
PWY-5695	4803.5435	3723.9674	2221.7923	2296.7245	10727.6261	8569.1277	4107.9998	2398.3974	972.0761	2175.1314	5108.4166	5808.9375	3889.6719	4481.2481	2897.5857	2537.8585	3731.6099	3683.3661	3168.5416	2521.8342	3008.0002	4114.483	2169.2387	2326.3122	1912.7352	2545.6802	2384.4683	3308.2029	9026.9657	3184.7671
PWY-5705	106.8479	45.7799	151.2722	5.9971	61.8751	0	957.9716	19.6855	0	0	9.9711	0	303.9356	206.7761	124.4443	13.9367	112.9824	184.8427	289.6534	183.5892	160.8686	113.8975	127.2704	136.1408	151.1869	55.6919	19.9669	50.14	74.4359	213.4439
PWY-5920	8677.0972	10732.8354	3248.6873	10152.9923	10987.1216	11916.7827	9611.8378	4441.4984	8465.6003	9928.3369	7280.7489	9435.9783	7063.7321	8349.2678	7963.6939	9627.3823	8448.5723	8567.2776	7142.9581	6792.7596	7725.0579	7785.2709	5416.7513	7811.5632	6243.0854	9847.6546	11023.1063	9070.8192	9555.0703	6173.6503
PWY-5989	3784.5801	8794.9168	2145.9984	7212.2556	2010.5153	496.9569	7369.4992	1790.3089	4202.2153	8886.0944	4128.7721	1474.2564	5411.5588	6725.4372	5497.5445	4323.4623	5451.7471	5724.9288	5156.6986	5005.3379	5621.6314	4837.86	3912.4312	5977.625	5059.5438	7840.0703	8955.7633	5677.7596	1682.3678	4441.1493
PWY-6121	1737.088	3084.8674	448.4566	2341.8909	769.6942	386.9898	2460.6572	476.5948	844.5406	2194.2709	457.4722	555.8112	2254.3199	2204.9609	1858.0878	6729.7137	1659.0778	1257.4297	1255.5266	1295.1428	1822.5407	1449.631	976.9422	1092.0789	1604.9194	2684.9435	2994.7577	3256.3866	651.9113	1835.8292
PWY-6122	1453.9268	2647.1945	370.3848	1979.7154	625.5172	311.6988	2091.4686	390.3942	690.4166	1847.9078	371.1834	450.2948	1945.2335	1878.8381	1572.4281	6353.9399	1389.8894	1040.7392	1047.5653	1083.9376	1542.4793	1210.8573	815.8343	902.4335	1365.1097	2293.8657	2557.274	2828.5077	529.4389	1574.6084
PWY-6125	9484.8777	11501.7974	3532.6967	10953.4086	11392.443	14208.5934	10839.7694	4910.753	9506.3186	11013.336	7786.6979	10413.1038	7419.0561	8480.9051	8062.304	11296.321	8974.1043	9233.8857	7516.7038	7291.2789	8346.6214	8250.2845	5812.2386	8407.4592	6817.1514	10610.4578	11928.4795	9965.9456	10053.9281	6684.6411
PWY-6126	11383.8814	13740.9233	4240.3866	13180.8423	14301.1558	17419.1889	12549.0938	5829.0926	11172.8075	12943.2149	9416.5765	12661.2318	8829.082	10142.2568	9537.0324	13383.9738	10815.5573	11093.9947	9007.9859	8695.3453	9921.1379	9971.7863	6914.3387	10018.2925	8036.4269	12659.0124	14241.0182	12028.2676	12719.1659	8013.2465
PWY-621	3958.5618	10057.963	2301.4661	10932.9579	2230.7813	729.0135	8506.769	1803.6841	4331.8438	8431.0358	4023.2139	1715.7117	5845.9117	7425.2035	8682.944	5051.9977	5477.0545	5714.4917	5665.4988	5533.1612	6038.6146	4835.6308	4273.6875	5829.7625	5502.863	9463.157	10882.5129	6153.8085	1957.2667	4439.0447
PWY-6277	1453.9268	2647.1945	370.3848	1979.7154	625.5172	311.6988	2091.4686	390.3942	690.4166	1847.9078	371.1834	450.2948	1945.2335	1878.8381	1572.4281	6353.9399	1389.8894	1040.7392	1047.5653	1083.9376	1542.4793	1210.8573	815.8343	902.4335	1365.1097	2293.8657	2557.274	2828.5077	529.4389	1574.6084
PWY-6317	5714.4481	10756.1081	2745.3385	10886.7255	3090.9432	4439.4469	8991.4568	3453.7494	5166.994	9023.682	6176.2463	3185.3636	6307.515	7448.3501	7565.4125	10616.7815	7462.9525	7724.4581	6525.8672	6416.3386	7161.9117	6631.1017	4982.7339	7093.0757	6079.7505	10086.5537	11410.5249	9486.6081	3671.9686	5850.2947
PWY-6545	7831.3502	8695.3188	2556.6357	6721.7126	4787.1509	10301.94	7559.4767	4450.7468	8641.1596	8609.4369	6698.1899	9046.6699	5954.1141	7040.4854	5523.3847	9799.1039	7179.0954	7338.5856	5583.4322	5460.4112	6260.477	7191.2214	4292.5719	6881.031	5147.8175	7532.1607	8430.3762	8558.6514	4653.3817	5512.4064
PWY-6608	4994.483	3889.6362	2423.8141	2379.6741	12150.8731	9032.82	4298.2248	2474.5237	975.5343	2214.4745	5511.6311	5975.8334	4167.2658	4823.9974	3070.0663	2585.1878	3929.7547	3873.6256	3358.8614	2642.2377	3152.3201	4367.8109	2281.1611	2395.7776	1979.6077	2639.0975	2455.9543	3451.8622	10256.3557	3384.2521
PWY-6609	3635.3981	2741.5939	1842.509	1640.9031	9510.4793	7087.3229	3065.1759	1799.4231	661.9256	1524.4598	4160.318	4387.3896	3072.2204	3559.2757	2181.6561	1785.6025	2809.3915	2765.0881	2399.3435	1869.4162	2232.5269	3192.6187	1619.2885	1672.8547	1382.983	1830.1834	1691.947	2446.5317	8103.2327	2457.8666
PWY-6737	2433.4266	6585.0368	1505.4817	7826.6233	1628.5745	375.6023	5228.8604	1053.1613	2563.7958	5385.5172	2542.5391	968.0092	3702.1017	4753.9262	6319.8964	2677.2781	3400.1358	3556.2405	3601.4363	3433.6473	3779.6208	2952.5948	2704.0295	3601.1369	3405.3291	6357.4444	7456.4525	3650.0075	1292.4216	2721.6155
PWY-7007	10473.4932	12952.7192	3921.2868	11761.754	15116.3839	14809.0788	11881.168	4480.0993	4573.0997	9258.4215	7756.6053	10404.3608	8424.0041	9457.9934	9129.74	14798.5708	10222.0509	10563.8279	8577.1781	8606.7353	9986.4382	8643.9833	6710.1374	8751.2104	7435.5962	11640.9051	12443.3544	12133.0813	13364.1597	8175.4037
PWY-7111	12815.487	15377.5293	4664.2892	14378.8151	15577.6	17887.5321	13865.6789	6720.0024	13033.0778	14504.1466	10517.0786	14394.9779	10104.0975	11823.8081	11212.5768	14688.5357	12083.1046	12343.399	10030.5734	9682.536	10939.9262	11174.5224	7643.2851	11316.8803	8924.1653	13929.6219	15656.8348	13447.1677	13762.616	8981.1602
PWY-7184	9434.0091	11017.8247	3593.6631	10570.5231	12289.1851	15920.2086	10403.2284	4763.0552	9046.8504	10367.2769	7722.9454	10568.9067	7428.0502	8550.7313	8151.6956	10608.4358	8865.9878	9096.1923	7367.4048	7138.9241	8104.9594	8141.0453	5666.2062	8138.857	6502.5278	10225.1242	11481.8565	9909.3573	10979.0333	6522.0924
PWY-7196	17.4741	0	0	0	0	0	0	0	0	0	0	0	0	0	0	0	0	20.9635	10.4889	0	0	13.982	0	0	0	62.7139	34.9211	0	0	24.4333
PWY-7197	7892.8703	9313.79	3014.997	8894.8657	9897.3866	13464.0924	8708.8763	4094.4555	7894.4946	8841.8723	6562.2741	8883.4655	6256.1943	7252.2849	6858.4575	8859.2765	7458.7646	7662.3322	6165.2279	5992.9147	6792.7178	6935.7212	4755.5485	6889.2849	5481.1976	8650.2337	9741.4316	8363.3071	8888.4566	5570.1061
PWY-7198	6920.8689	7617.8467	2191.1589	5729.862	3908.7798	8606.4688	6489.1549	4082.4481	8047.9471	7663.3529	6011.5446	8073.8971	5229.587	6241.7141	4754.7772	8721.4579	6315.2333	6444.8861	4850.7711	4749.2417	5449.4418	6465.2121	3726.2698	6122.7465	4507.6442	6540.845	7323.0921	7604.0295	3813.3102	4854.1634
PWY-7208	9013.6116	10704.379	3371.9973	10084.4461	11302.424	14308.5397	9818.0659	4713.0307	9020.2401	10068.641	7484.5381	10161.137	7117.1526	8294.6077	7830.6028	10120.9888	8499.5575	8719.9354	7098.3698	6802.9324	7706.6395	7898.2629	5397.4089	7870.7398	6236.6879	9789.3616	11005.3789	9513.3083	10094.3171	6475.6551
PWY-7209	1344.8854	1273.5432	641.4285	1251.9584	534.7914	569.7671	1598.0312	836.1753	275.709	879.783	825.239	961.5775	1204.3474	932.7974	558.2884	1117.088	1864.9645	1983.8044	1425.4385	1225.7113	1742.7983	1328.381	1209.157	1162.4886	1035.2115	1555.123	1336.5562	2104.5677	1001.346	1440.7179
PWY-7210	7580.7312	8470.8565	2515.8838	6676.985	4929.7899	10319.5362	7384.3236	4316.7196	8433.3448	8379.2533	6504.3041	8775.513	5778.6171	6836.4138	5451.4889	9252.6131	6975.0813	7134.3081	5441.8664	5324.3106	6093.3606	6959.7275	4190.1087	6665.3059	5001.2914	7394.0985	8286.8556	8245.9921	4767.5534	5344.5787
PWY-7219	13834.3408	18639.356	5126.8073	19423.1	16373.8939	18356.0949	16512.6471	6976.5248	13425.8467	17688.9752	11545.7048	14657.9458	10454.6414	11739.3453	11060.7989	20130.1661	13756.0206	14216.5178	11820.6377	11343.5177	13218.3462	12550.5016	9097.7108	12999.9984	10984.8808	17659.8508	20031.4725	15164.5666	14466.1938	10143.056
PWY-7220	9753.3352	11467.3956	3846.3137	10869.0909	12623.9353	19268.5542	10889.3999	4984.0802	9494.2082	10714.8416	8042.5222	11007.436	7653.4516	8791.7243	8312.2471	10779.2574	9213.3655	9493.4824	7593.4931	7417.2741	8412.8984	8473.733	5899.373	8401.1866	6713.7985	10636.4248	11965.1638	10268.8452	11444.8767	6883.562
PWY-7221	9468.8859	11613.693	3490.8569	11085.5905	10667.887	12862.8258	10861.6071	4928.3271	9530.5947	11363.4901	7613.2487	10016.7047	7359.9976	8283.5184	7897.4216	12697.3436	8889.0987	9091.1252	7557.2769	7286.5653	8441.871	8194.1113	5808.4405	8533.3478	7070.6081	10692.7195	12153.5421	10118.6198	9280.1347	6581.9422
PWY-7222	9753.3352	11467.3956	3846.3137	10869.0909	12623.9353	19268.5542	10889.3999	4984.0802	9494.2082	10714.8416	8042.5222	11007.436	7653.4516	8791.7243	8312.2471	10779.2574	9213.3655	9493.4824	7593.4931	7417.2741	8412.8984	8473.733	5899.373	8401.1866	6713.7985	10636.4248	11965.1638	10268.8452	11444.8767	6883.562
PWY-7228	9806.5826	11913.1126	3721.53	11347.3873	11678.8866	14797.98	11203.1174	5076.0741	9839.516	11462.4626	8032.935	10723.3041	7638.5593	8717.8002	8290.3903	11825.8828	9263.8772	9523.7547	7783.3698	7531.516	8640.242	8500.9649	6006.9222	8717.7348	7082.2208	11041.9214	12501.0442	10264.7796	10296.3598	6885.7252
PWY-7229	12276.9296	14834.1038	4486.9376	14259.9309	15433.0461	17613.4545	13404.6993	6266.6748	12001.0831	13996.5011	10137.2285	13620.2092	9451.6977	10849.0246	10178.5959	14609.0436	11653.4116	11930.8434	9729.1513	9351.1878	10688.9657	10727.1738	7436.0377	10822.9	8677.9955	13629.7519	15319.8882	12928.429	13638.6411	8599.132
PWY-7323	5061.1611	1831.155	1773.2208	1631.9599	10701.4144	11221.4705	3429.2753	1351.9101	395.5844	1180.1253	2942.3249	6360.4376	2036.7506	1382.22	1013.9923	2615.293	3817.727	3830.5751	2953.0766	2693.5442	3197.6694	2130.8146	2236.4145	2321.0153	1615.3924	2132.6485	1790.6457	3096.1661	9301.7261	2308.5415
PWY-7328	1725.8366	5867.0614	1115.2644	6997.3557	1269.2663	117.6027	4308.2801	630.4379	2002.6702	5189.0005	2199.1878	794.6806	1262.2595	1309.9415	1217.8333	2110.6888	2851.4153	3127.5178	3132.024	2804.9547	3327.8788	2267.49	2314.3069	3148.5168	3041.6552	5902.801	6938.095	1380.2463	798.974	2015.724
PWY-7347	317.1921	332.4185	98.6816	34.4496	967.7155	236.6313	630.2347	550.4039	83.2768	44.8945	619.7167	163.6371	8.9938	284.5484	229.6268	1014.0522	1539.9826	1345.8597	1318.2536	805.6051	1212.9608	738.3181	900.6428	888.7445	578.2993	381.3844	70.2928	243.0325	219.499	795.7982
PWY-7385	7081.7149	8341.4372	2573.6991	7758.6133	4824.3753	7785.873	7746.6151	4004.7469	7732.7308	8296.7364	6354.8206	7678.6617	5815.0537	6571.038	5253.8641	9081.776	6902.4329	7074.2404	5743.84	5545.1041	6314.0049	6704.5558	4377.6501	6596.7326	5221.3797	7980.0404	8948.4276	8167.9137	4411.9631	5259.3077
PWY-7431	12770.8548	23820.2854	4965.9815	24662.5645	5577.1208	7227.4809	22296.7134	6115.749	12808.5356	18240.4567	7626.729	7907.3868	13772.0995	15663.2117	18042.2506	40797.0652	16708.1879	16883.2151	14815.1686	15773.0007	16965.2567	13438.6583	11437.744	16629.0142	15009.0625	22953.9286	25448.2088	19888.3711	6325.2772	13153.3247
PWY-7663	4009.4697	7420.0098	1882.6709	5588.4284	1978.6969	490.7534	6211.7055	1755.1234	4818.4177	8089.0244	4633.897	1847.8629	4732.3633	5763.0457	4212.7126	4964.1358	5523.0007	5732.3405	4460.4053	4380.6223	5001.507	5137.0286	3432.703	5772.3925	4410.0362	6464.5688	7335.5059	5529.1235	1678.2916	4267.4933
PWY-922	8365.4278	10124.5688	3041.315	9416.7084	10106.9005	11924.1041	8999.7634	4463.7193	8538.7489	9560.8787	6984.6157	9410.0562	6655.3091	7783.4826	7365.1345	9456.5759	7886.7316	8053.8958	6542.3699	6299.9254	7119.4715	7372.0093	4986.0304	7350.1229	5817.5987	9158.1288	10302.4276	8859.894	8971.5459	5932.495
PWY0-1319	7386.3833	6743.8148	2519.2589	5645.0861	9571.4549	11433.8328	6963.0895	4004.8755	7312.7899	7324.2364	5965.4399	8738.1591	5120.4235	5515.2451	3960.2746	8279.588	6637.0952	6786.0837	5053.9366	4887.0026	5635.0689	6260.182	3925.1985	5880.5234	4371.4123	6281.4213	6903.0432	7653.5226	8514.6302	4721.2621
PWY0-166	9014.2259	10591.1909	3436.3051	10238.6971	11749.5288	14869.7845	10045.5697	4517.6423	8562.7769	9954.1154	7355.2059	10030.6959	7152.6682	8226.8927	7906.9404	10292.7473	8488.2927	8708.9541	7092.129	6862.7748	7791.8082	7779.3472	5445.0267	7804.5439	6267.7699	9846.7162	11057.7824	9513.9107	10475.267	6251.3355
PWY4FS-7	171.3977	68.5976	237.2192	11.9862	233.2107	50.849	1486.0064	426.8914	8.9929	11.9881	35.8624	0	565.445	385.5234	288.5051	29.9301	211.6664	280.5108	467.2672	358.3048	248.1383	245.7395	234.1589	228.3947	364.8209	165.4655	53.7619	80.4657	171.6932	493.7775
PWY4FS-8	171.3977	68.5976	237.2192	11.9862	233.2107	50.849	1486.0064	426.8914	8.9929	11.9881	35.8624	0	565.445	385.5234	288.5051	29.9301	211.6664	280.5108	467.2672	358.3048	248.1383	245.7395	234.1589	228.3947	364.8209	165.4655	53.7619	80.4657	171.6932	493.7775
SER-GLYSYN-PWY	10881.0812	13519.5213	3997.1197	12833.7189	12189.5986	14484.4329	12147.4895	5677.4365	11078.8706	12656.0775	9026.0463	11668.9045	8912.18	10399.7236	9940.2577	13601.1883	10544.8601	10784.2894	8764.9824	8517.8111	9658.6694	9857.0268	6722.6541	9988.6838	7950.8502	12349.4973	13865.1496	12101.8621	10946.1266	7931.8212
SO4ASSIM-PWY	5560.4016	8962.4496	2587.1292	9136.6177	9395.8828	8975.4729	7828.8631	2035.8115	3528.9121	7122.1098	4548.2249	5290.9421	5451.2512	6624.4139	7055.6536	4727.2937	5912.5182	6078.6639	5597.3557	5325.3149	5959.3112	4684.5688	4229.544	5498.1755	4904.9678	8427.1816	9539.1781	5973.5317	8195.6299	4381.0297
SUCSYN-PWY	918.2227	1019.7632	300.2881	113.8134	2052.8276	525.7845	1762.7443	1166.0086	267.1952	147.7461	1577.2267	473.7285	29.8647	862.1144	708.9726	2339.6024	3160.0361	2942.1439	2810.2516	1971.5381	2721.1587	1848.1358	1987.0815	2175.1218	1517.0682	1147.7174	230.2891	742.0499	630.6866	1869.8145
TCA	7163.4338	3848.7266	2507.6359	2845.9001	13652.3796	11615.9762	4939.4095	1918.6031	516.6432	2044.5521	4549.9953	9177.1219	2988.9594	2152.4704	1472.4235	1944.8375	2892.6405	4160.3575	2144.4015	2886.3351	2752.9806	2025.0687	1779.4761	1849.0684	1497.7254	2751.8763	2901.0105	4661.3024	11839.338	3373.3715
THRESYN-PWY	9051.5317	10670.5784	3263.3298	10078.5254	11190.968	12897.2838	9753.3459	4682.9755	9005.5615	10031.5112	7396.36	10014.4254	6968.9145	8059.4529	7649.4585	10964.0243	8561.4643	8748.424	7072.7963	6866.5316	7810.572	7947.0848	5432.8661	8066.2926	6376.266	9756.4649	10900.916	9687.6413	9921.8621	6396.3434
TRNA-CHARGING-PWY	12161.4399	15286.3158	4485.6223	14734.0027	14012.2936	16759.3263	13464.5319	6361.5335	12482.2801	14368.9974	10253.9187	13375.2193	9846.0835	11515.6192	10874.2883	14329.2661	11740.1811	12020.8686	9815.5924	9455.2914	10753.0257	11050.3972	7495.2078	11069.7341	8843.4261	14071.9007	15905.3531	13068.4868	12464.6758	8688.591
TYRFUMCAT-PWY	7051.6132	10520.5149	2302.5718	12439.6397	3028.7613	3824.2361	9813.5929	3915.4459	8924.879	10008.4741	4998.3629	6367.8023	5899.8702	6874.6808	7387.3067	13795.8813	7669.3779	7984.315	6562.7179	6762.4222	7588.5041	6753.2164	5146.5795	8625.4451	6948.2236	11163.6877	12851.3599	8353.7721	2606.2466	5743.2468
VALSYN-PWY	11631.0532	14253.5978	4271.1783	13480.8108	13735.5273	15996.0376	12772.8514	6173.3564	11933.1396	13470.2509	9671.203	12951.3907	9222.9647	10794.4567	10221.0205	13625.677	11047.9574	11303.4416	9223.3392	8884.4961	10064.5673	10268.7227	7024.8714	10381.8266	8256.6557	12948.8971	14588.1877	12358.7655	12120.0791	8225.1949